agentId,startNodeId,goalNodeId
1,5478,5478
2,4217,4217
3,1391,1391
4,105,105
5,2940,2940
6,3214,3214
7,4424,4424
8,421,421
9,4374,4374
10,1751,1751
11,5689,5689
12,5485,5485
13,2799,2799
14,39,39
15,223,223
16,5685,5685
17,4425,4425
18,4372,4372
19,2385,2385
20,3156,3156
21,5572,5572
22,5574,5574
23,4237,4237
24,4579,4579
25,1465,1465
26,1799,1799
27,2,2
28,4438,4438
29,2865,2865
30,4541,4541
31,4376,4376
32,5914,5914
33,5681,5681
34,5734,5734
35,4167,4167
36,2853,2853
37,1789,1789
38,5468,5468
39,431,431
40,4274,4274
41,3069,3069
42,430,430
43,3645,3645
44,101,101
45,5,5
46,2866,2866
47,5704,5704
48,5776,5776
49,1387,1387
50,4409,4409
51,4226,4226
52,4529,4529
53,1575,1575
54,1494,1494
55,1375,1375
56,5875,5875
57,5497,5497
58,3177,3177
59,281,281
60,5840,5840
61,2900,2900
62,1645,1645
63,5562,5562
64,4404,4404
65,5894,5894
66,2858,2858
67,2769,2769
68,1472,1472
69,5492,5492
70,3183,3183
71,4161,4161
72,5781,5781
73,5469,5469
74,4118,4118
75,5635,5635
76,5899,5899
77,2867,2867
78,1400,1400
79,443,443
80,2765,2765
81,2797,2797
82,2740,2740
83,915,915
84,1800,1800
85,126,126
86,240,240
87,2971,2971
88,4332,4332
89,4309,4309
90,4123,4123
91,1705,1705
92,1597,1597
93,5844,5844
94,1601,1601
95,3053,3053
96,2732,2732
97,6,6
98,5583,5583
99,1591,1591
100,5898,5898
101,4377,4377
102,4113,4113
103,21,21
104,214,214
105,3147,3147
106,2937,2937
107,4304,4304
108,1434,1434
109,3082,3082
110,1438,1438
111,4275,4275
112,3010,3010
113,5669,5669
114,3057,3057
115,1595,1595
116,1430,1430
117,5906,5906
118,3047,3047
119,4162,4162
120,1383,1383
121,206,206
122,460,460
123,3065,3065
124,1496,1496
125,5525,5525
126,1719,1719
127,4485,4485
128,4126,4126
129,4517,4517
130,275,275
131,5780,5780
132,5220,5220
133,5892,5892
134,3048,3048
135,1588,1588
136,99,99
137,5486,5486
138,1577,1577
139,4894,4894
140,5891,5891
141,227,227
142,1405,1405
143,103,103
144,4514,4514
145,1592,1592
146,224,224
147,1464,1464
148,4305,4305
149,1608,1608
150,5908,5908
151,2140,2140
152,354,354
153,2805,2805
154,1599,1599
155,1790,1790
156,349,349
157,1642,1642
158,3041,3041
159,318,318
160,177,177
161,1478,1478
162,178,178
163,5584,5584
164,5688,5688
165,5810,5810
166,118,118
167,1815,1815
168,4520,4520
169,5841,5841
170,5706,5706
171,5883,5883
172,5698,5698
173,4314,4314
174,3774,3774
175,5472,5472
176,4208,4208
177,5678,5678
178,5598,5598
179,2830,2830
180,1752,1752
181,5798,5798
182,1504,1504
183,3077,3077
184,1378,1378
185,4342,4342
186,123,123
187,4484,4484
188,285,285
189,3046,3046
190,1613,1613
191,4478,4478
192,4435,4435
193,334,334
194,355,355
195,4267,4267
196,4272,4272
197,5595,5595
198,1755,1755
199,237,237
200,5561,5561
201,106,106
202,5795,5795
203,4429,4429
204,3153,3153
205,1716,1716
206,226,226
207,1578,1578
208,383,383
209,4337,4337
210,5684,5684
211,1397,1397
212,1615,1615
213,1395,1395
214,5890,5890
215,3750,3750
216,5743,5743
217,2831,2831
218,420,420
219,484,484
220,1692,1692
221,380,380
222,4426,4426
223,134,134
224,5601,5601
225,2758,2758
226,3049,3049
227,1369,1369
228,319,319
229,5559,5559
230,451,451
231,4334,4334
232,441,441
233,4419,4419
234,68,68
235,1794,1794
236,4526,4526
237,4312,4312
238,2857,2857
239,3079,3079
240,1570,1570
241,1825,1825
242,27,27
243,3012,3012
244,1471,1471
245,1720,1720
246,1476,1476
247,4525,4525
248,1492,1492
249,3184,3184
250,439,439
251,415,415
252,4418,4418
253,4483,4483
254,4414,4414
255,5603,5603
256,4228,4228
257,442,442
258,5809,5809
259,5526,5526
260,3161,3161
261,4539,4539
262,2961,2961
263,4236,4236
264,384,384
265,180,180
266,4124,4124
267,1487,1487
268,2863,2863
269,4100,4100
270,3295,3295
271,231,231
272,4221,4221
273,4270,4270
274,4099,4099
275,4545,4545
276,2852,2852
277,169,169
278,1689,1689
279,5741,5741
280,2739,2739
281,1685,1685
282,1690,1690
283,4195,4195
284,171,171
285,30,30
286,1510,1510
287,5479,5479
288,1398,1398
289,325,325
290,5850,5850
291,1432,1432
292,2962,2962
293,5527,5527
294,5887,5887
295,4684,4684
296,4207,4207
297,5593,5593
298,4159,4159
299,2766,2766
300,2800,2800
301,233,233
302,444,444
303,2753,2753
304,2861,2861
305,108,108
306,4420,4420
307,388,388
308,3009,3009
309,1687,1687
310,222,222
311,3070,3070
312,880,880
313,2956,2956
314,5139,5139
315,1683,1683
316,3013,3013
317,2944,2944
318,3178,3178
319,1745,1745
320,4125,4125
321,5777,5777
322,3319,3319
323,274,274
324,2946,2946
325,5566,5566
326,2245,2245
327,4340,4340
328,234,234
329,5467,5467
330,4132,4132
331,5671,5671
332,2972,2972
333,1044,1044
334,2835,2835
335,3004,3004
336,1490,1490
337,1798,1798
338,143,143
339,5676,5676
340,4318,4318
341,2751,2751
342,144,144
343,209,209
344,4999,4999
345,2869,2869
346,4530,4530
347,3084,3084
348,2738,2738
349,2764,2764
350,4101,4101
351,211,211
352,1747,1747
353,4225,4225
354,390,390
355,1647,1647
356,110,110
357,1801,1801
358,1537,1537
359,279,279
360,337,337
361,5629,5629
362,4481,4481
363,4303,4303
364,2935,2935
365,2833,2833
366,127,127
367,432,432
368,2762,2762
369,338,338
370,389,389
371,5735,5735
372,2735,2735
373,2737,2737
374,4422,4422
375,333,333
376,2730,2730
377,5680,5680
378,9,9
379,5842,5842
380,1698,1698
381,4211,4211
382,4446,4446
383,5811,5811
384,326,326
385,1750,1750
386,351,351
387,2843,2843
388,133,133
389,5779,5779
390,4324,4324
391,4555,4555
392,1707,1707
393,1377,1377
394,5797,5797
395,4165,4165
396,5454,5454
397,1701,1701
398,4198,4198
399,2035,2035
400,1584,1584
401,5707,5707
402,5115,5115
403,1697,1697
404,1611,1611
405,1429,1429
406,4379,4379
407,3855,3855
408,5573,5573
409,2870,2870
410,2868,2868
411,1650,1650
412,5668,5668
413,5911,5911
414,114,114
415,1603,1603
416,5471,5471
417,1810,1810
418,2749,2749
419,4410,4410
420,2908,2908
421,4219,4219
422,1470,1470
423,3119,3119
424,1440,1440
425,4122,4122
426,3063,3063
427,2864,2864
428,242,242
429,4421,4421
430,5910,5910
431,1746,1746
432,5878,5878
433,904,904
434,1403,1403
435,212,212
436,2942,2942
437,5738,5738
438,1335,1335
439,3050,3050
440,4308,4308
441,5589,5589
442,4203,4203
443,2743,2743
444,2860,2860
445,3062,3062
446,137,137
447,3068,3068
448,1639,1639
449,5484,5484
450,4089,4089
451,5480,5480
452,5884,5884
453,1466,1466
454,2906,2906
455,440,440
456,1718,1718
457,4540,4540
458,5667,5667
459,5475,5475
460,1796,1796
461,1431,1431
462,3042,3042
463,29,29
464,2974,2974
465,4417,4417
466,31,31
467,5703,5703
468,1674,1674
469,139,139
470,3045,3045
471,1744,1744
472,40,40
473,16,16
474,2952,2952
475,2960,2960
476,4431,4431
477,2280,2280
478,5599,5599
479,3160,3160
480,3011,3011
481,1749,1749
482,2963,2963
483,2750,2750
484,2855,2855
485,4535,4535
486,4523,4523
487,5496,5496
488,433,433
489,5802,5802
490,5587,5587
491,2901,2901
492,10,10
493,3181,3181
494,4223,4223
495,4316,4316
496,111,111
497,2838,2838
498,4317,4317
499,5571,5571
500,5490,5490
501,5885,5885
502,4199,4199
503,1401,1401
504,328,328
505,4518,4518
506,283,283
507,387,387
508,1708,1708
509,5470,5470
510,4447,4447
511,1676,1676
512,331,331
513,1491,1491
514,4233,4233
515,3116,3116
516,2941,2941
517,3424,3424
518,3176,3176
519,235,235
520,1574,1574
521,3073,3073
522,34,34
523,4479,4479
524,5596,5596
525,1541,1541
526,2854,2854
527,2849,2849
528,280,280
529,174,174
530,5705,5705
531,5695,5695
532,5672,5672
533,1366,1366
534,4329,4329
535,3078,3078
536,327,327
537,3114,3114
538,4131,4131
539,5702,5702
540,5909,5909
541,1802,1802
542,1614,1614
543,4411,4411
544,121,121
545,3145,3145
546,5528,5528
547,339,339
548,5789,5789
549,1809,1809
550,385,385
551,220,220
552,208,208
553,1501,1501
554,1644,1644
555,379,379
556,175,175
557,5778,5778
558,4109,4109
559,3085,3085
560,5803,5803
561,75,75
562,5579,5579
563,3109,3109
564,5464,5464
565,1373,1373
566,1607,1607
567,24,24
568,5529,5529
569,4408,4408
570,3005,3005
571,3150,3150
572,1819,1819
573,5499,5499
574,5907,5907
575,5578,5578
576,1648,1648
577,1930,1930
578,2949,2949
579,3120,3120
580,1374,1374
581,5679,5679
582,342,342
583,4320,4320
584,353,353
585,5600,5600
586,5604,5604
587,1814,1814
588,5577,5577
589,5582,5582
590,4480,4480
591,3008,3008
592,3052,3052
593,2759,2759
594,216,216
595,5461,5461
596,2059,2059
597,5745,5745
598,1715,1715
599,5430,5430
600,1396,1396
601,4510,4510
602,172,172
603,5691,5691
604,1612,1612
605,1535,1535
606,1370,1370
607,4133,4133
608,1385,1385
609,2761,2761
610,1700,1700
611,1399,1399
612,70,70
613,278,278
614,5491,5491
615,1371,1371
616,4108,4108
617,4416,4416
618,2763,2763
619,18,18
620,3039,3039
621,3529,3529
622,5788,5788
623,5597,5597
624,5605,5605
625,1469,1469
626,218,218
627,2873,2873
628,1583,1583
629,5744,5744
630,17,17
631,67,67
632,5897,5897
633,2736,2736
634,4527,4527
635,1691,1691
636,1390,1390
637,5774,5774
638,5677,5677
639,3051,3051
640,1787,1787
641,4765,4765
642,4135,4135
643,100,100
644,3164,3164
645,1589,1589
646,4444,4444
647,2724,2724
648,435,435
649,2700,2700
650,3610,3610
651,5845,5845
652,3044,3044
653,3154,3154
654,1571,1571
655,5588,5588
656,2980,2980
657,5664,5664
658,4521,4521
659,32,32
660,1817,1817
661,4405,4405
662,2754,2754
663,3166,3166
664,2903,2903
665,2752,2752
666,5631,5631
667,2945,2945
668,1711,1711
669,5634,5634
670,4434,4434
671,3043,3043
672,1572,1572
673,25,25
674,345,345
675,1714,1714
676,2755,2755
677,4265,4265
678,2757,2757
679,2859,2859
680,1808,1808
681,1536,1536
682,4239,4239
683,1483,1483
684,1706,1706
685,5783,5783
686,1488,1488
687,1581,1581
688,5737,5737
689,1811,1811
690,5010,5010
691,4115,4115
692,3117,3117
693,5877,5877
694,1593,1593
695,4325,4325
696,3071,3071
697,1489,1489
698,1020,1020
699,4412,4412
700,2839,2839
701,3165,3165
702,3083,3083
703,5739,5739
704,4112,4112
705,5487,5487
706,1368,1368
707,4475,4475
708,348,348
709,5500,5500
710,4449,4449
711,1439,1439
712,448,448
713,2847,2847
714,37,37
715,1404,1404
716,4096,4096
717,5804,5804
718,1699,1699
719,4338,4338
720,4311,4311
721,453,453
722,5792,5792
723,3182,3182
724,4870,4870
725,5701,5701
726,14,14
727,4306,4306
728,5465,5465
729,4542,4542
730,5560,5560
731,4512,4512
732,4102,4102
733,5812,5812
734,1640,1640
735,2836,2836
736,1754,1754
737,4476,4476
738,2745,2745
739,4222,4222
740,5882,5882
741,1795,1795
742,145,145
743,204,204
744,4,4
745,3061,3061
746,64,64
747,74,74
748,1482,1482
749,4519,4519
750,3,3
751,4103,4103
752,244,244
753,4378,4378
754,5697,5697
755,238,238
756,3014,3014
757,136,136
758,3059,3059
759,332,332
760,5848,5848
761,5568,5568
762,4238,4238
763,1793,1793
764,173,173
765,1807,1807
766,2747,2747
767,1954,1954
768,4441,4441
769,5799,5799
770,2837,2837
771,2842,2842
772,438,438
773,3066,3066
774,3169,3169
775,1384,1384
776,2964,2964
777,3984,3984
778,5674,5674
779,4215,4215
780,2966,2966
781,1610,1610
782,2948,2948
783,5900,5900
784,4428,4428
785,4423,4423
786,329,329
787,1710,1710
788,3170,3170
789,5565,5565
790,1791,1791
791,1386,1386
792,4537,4537
793,4205,4205
794,69,69
795,4218,4218
796,8,8
797,5710,5710
798,5736,5736
799,135,135
800,219,219
801,670,670
802,1688,1688
803,1230,1230
804,1753,1753
805,2760,2760
806,1712,1712
807,2742,2742
808,2910,2910
809,3081,3081
810,1389,1389
811,4331,4331
812,1503,1503
813,1479,1479
814,5902,5902
815,5709,5709
816,2939,2939
817,5700,5700
818,3400,3400
819,11,11
820,120,120
821,330,330
822,314,314
823,3879,3879
824,3074,3074
825,4531,4531
826,116,116
827,4433,4433
828,312,312
829,2872,2872
830,5580,5580
831,4445,4445
832,1605,1605
833,5670,5670
834,3113,3113
835,5693,5693
836,5633,5633
837,7,7
838,322,322
839,1506,1506
840,3112,3112
841,4315,4315
842,20,20
843,5843,5843
844,4513,4513
845,5535,5535
846,5699,5699
847,1813,1813
848,316,316
849,313,313
850,4307,4307
851,229,229
852,1816,1816
853,3055,3055
854,5473,5473
855,243,243
856,1500,1500
857,1783,1783
858,23,23
859,4116,4116
860,4134,4134
861,382,382
862,1576,1576
863,3163,3163
864,117,117
865,19,19
866,775,775
867,1254,1254
868,1678,1678
869,3171,3171
870,5482,5482
871,5638,5638
872,1582,1582
873,36,36
874,210,210
875,1486,1486
876,140,140
877,5805,5805
878,2731,2731
879,5814,5814
880,5847,5847
881,3056,3056
882,2907,2907
883,4660,4660
884,5806,5806
885,5463,5463
886,4169,4169
887,112,112
888,5785,5785
889,2848,2848
890,1587,1587
891,5888,5888
892,4975,4975
893,3151,3151
894,3172,3172
895,2795,2795
896,1394,1394
897,109,109
898,4170,4170
899,2947,2947
900,4336,4336
901,4117,4117
902,5495,5495
903,5563,5563
904,5489,5489
905,335,335
906,5690,5690
907,1792,1792
908,5630,5630
909,230,230
910,5460,5460
911,215,215
912,4268,4268
913,449,449
914,2970,2970
915,2846,2846
916,1493,1493
917,2871,2871
918,5889,5889
919,1812,1812
920,5581,5581
921,2851,2851
922,3110,3110
923,5769,5769
924,1643,1643
925,4271,4271
926,3159,3159
927,4168,4168
928,4440,4440
929,2748,2748
930,3075,3075
931,2490,2490
932,232,232
933,4477,4477
934,1818,1818
935,65,65
936,311,311
937,176,176
938,436,436
939,5532,5532
940,4065,4065
941,4197,4197
942,73,73
943,417,417
944,452,452
945,1545,1545
946,4536,4536
947,1806,1806
948,1540,1540
949,565,565
950,5632,5632
951,5481,5481
952,1709,1709
953,132,132
954,5682,5682
955,5775,5775
956,5893,5893
957,5782,5782
958,4442,4442
959,1580,1580
960,1694,1694
961,4209,4209
962,1849,1849
963,5794,5794
964,2909,2909
965,1485,1485
966,1782,1782
967,1376,1376
968,5876,5876
969,2975,2975
970,4111,4111
971,1436,1436
972,2595,2595
973,38,38
974,4482,4482
975,2756,2756
976,1499,1499
977,1702,1702
978,2829,2829
979,3054,3054
980,5466,5466
981,71,71
982,4375,4375
983,2959,2959
984,4095,4095
985,4328,4328
986,2875,2875
987,1785,1785
988,2841,2841
989,1539,1539
990,119,119
991,434,434
992,2798,2798
993,5905,5905
994,446,446
995,13,13
996,5801,5801
997,4549,4549
998,247,247
999,4240,4240
1000,3111,3111
